0.05351
0.032859
0.0637131
0.111232
0.114379
0.165001
0.157721
0.105699
0.101489
0.17365
0.198785
0.263786
0.325538
0.368294
0.377435
0.343541
0.372027
0.395984
0.460636
0.412852
0.389877
0.423479
0.386481
0.389693
0.380074
0.370227
0.428174
0.474817
0.496165
0.567988
0.57821
0.568589
0.60789
0.603931
0.650678
0.70157
0.733553
0.798238
0.843924
0.796501
0.760701
0.757051
0.836646
0.834781
0.822843
0.890109
0.847538
0.910154
0.905269
0.948132
0.895359
0.906353
0.954748
0.927443
0.933559
0.987763
0.945096
0.962867
0.99364
1.02284
0.963222
1.01232
0.972388
0.907279
0.947661
0.904065
0.958859
0.981923
0.988281
0.912393
0.875143
0.918649
0.936584
0.952156
0.98981
0.999179
0.957951
0.959256
0.87811
0.907509
0.915388
0.89013
0.814677
0.789299
0.791879
0.791171
0.804644
0.81347
0.744283
0.756724
0.657682
0.662104
0.580703
0.508563
0.491927
0.503664
0.505438
0.422444
0.40037
0.386503
0.362112
0.280671
0.198094
0.194785
0.200946
0.153312
0.17667
0.196163
0.138587
0.0725183
-0.000803541
-0.0399232
-0.0420609
-0.0613148
-0.117003
-0.109443
-0.140439
-0.194505
-0.208024
-0.236592
-0.215503
-0.222012
-0.311351
-0.297266
-0.350929
-0.413427
-0.388094
-0.471224
-0.553092
-0.542223
-0.531851
-0.592215
-0.618294
-0.610915
-0.637973
-0.674206
-0.717705
-0.735365
-0.748888
-0.750189
-0.81924
-0.777216
-0.750795
-0.785315
-0.827494
-0.890664
-0.953698
-0.915188
-0.970659
-0.954463
-0.945337
-0.959993
-0.919074
-0.884427
-0.866664
-0.832648
-0.823063
-0.860597
-0.922177
-0.937929
-0.945196
-0.981077
-0.998849
-0.949264
-0.925418
-0.897626
-0.878833
-0.82923
-0.775387
-0.778338
-0.738704
-0.800484
-0.794646
-0.810031
-0.831588
-0.776089
-0.82372
-0.788038
-0.753484
-0.723616
-0.743704
-0.668314
-0.618913
-0.561181
-0.558263
-0.563247
-0.589422
-0.60211
-0.588029
-0.570416
-0.540904
-0.568474
-0.491397
-0.462137
-0.491833
-0.4034
-0.34149
-0.341251
-0.303586
-0.331217
-0.322696
-0.267576
-0.177428
-0.0915755
-0.128598
-0.140308
-0.140587
-0.154949
-0.0804538
-0.0133984
-0.0133386
0.0505853
0.0686668
0.0718401
0.129566
0.137339
0.222726
0.224623
0.279951
0.250556
0.27871
0.306569
0.348502
0.413752
0.419927
0.428084
0.465616
0.525964
0.559338
0.545734
0.554571
0.584263
0.646547
0.684032
0.749319
0.728367
0.716121
0.724208
0.725808
0.755197
0.775707
0.795536
0.838193
0.839064
0.801237
0.847473
0.847396
0.872087
0.886488
0.938169
0.969112
0.946521
0.976039
1.02859
0.999435
1.02139
0.983763
0.967896
1.01959
1.05008
1.03739
1.07066
1.02999
0.997857
0.960351
0.922776
0.927508
0.977617
0.975876
0.911598
0.891028
0.867585
0.889207
0.926786
0.872558
0.873522
0.82347
0.816043
0.857668
0.872902
0.847821
0.801789
0.73205
0.661245
0.693601
0.713991
0.733732
0.707438
0.641335
0.571331
0.511778
0.4332
0.40962
0.387828
0.362865
0.299679
0.225501
0.188631
0.172608
0.126807
0.0801463
0.0807217
0.0662295
0.0543566
0.0107909
-0.0556882
-0.127519
-0.169807
-0.125557
-0.190591
-0.243662
-0.250376
-0.252878
-0.22827
-0.222243
-0.299399
-0.352449
-0.311694
-0.343605
-0.308584
-0.281896
-0.299576
-0.299709
-0.303958
-0.396192
-0.373723
-0.403671
-0.464243
-0.536119
-0.506097
-0.479957
-0.518032
-0.529459
-0.571463
-0.656736
-0.708543
-0.681899
-0.755879
-0.743621
-0.753089
-0.77359
-0.787351
-0.797016
-0.848624
-0.882682
-0.889234
-0.85595
-0.840195
-0.858896
-0.885726
-0.926394
-0.957744
-0.90382
-0.942338
-0.933954
-0.982999
-0.990909
-1.00294
-1.01047
-1.06496
-1.08298
-1.05392
-1.10137
-1.09973
-1.07359
-1.10722
-1.13128
-1.15048
-1.1093
-1.1228
-1.1433
-1.1173
-1.12794
-1.09921
-1.07185
-1.06396
-1.04662
-1.04417
-1.06126
-0.981451
-1.00131
-0.941946
-0.917101
-0.885251
-0.901186
-0.834217
-0.821486
-0.756667
-0.70244
-0.680166
-0.64487
-0.621593
-0.625173
-0.556826
-0.536833
-0.47506
-0.413594
-0.425505
-0.402584
-0.400786
-0.393057
-0.403331
-0.387548
-0.285354
-0.236918
-0.164626
-0.139324
-0.0877413
-0.102587
-0.0223185
-0.0102266
0.013056
0.00325043
0.0921954
0.173196
0.147986
0.221698
0.231748
0.296563
0.293297
0.306027
0.350134
0.352711
0.44064
0.447306
0.496485
0.474497
0.474797
0.475817
0.519366
0.535729
0.550346
0.616412
0.63868
0.692232
0.703309
0.726278
0.7533
0.82997
0.899623
0.873161
0.926095
0.963675
0.905788
0.907279
0.962081
0.979213
0.970742
0.974698
0.982818
0.993226
1.01405
0.982538
0.963324
0.936772
0.998285
0.966446
0.953852
1.01488
0.976179
0.927201
0.895421
0.870349
0.859634
0.83454
0.883996
0.834637
0.781733
0.77885
0.799585
0.775796
0.796487
0.740268
0.786061
0.792605
0.780645
0.71954
0.703946
0.680542
0.694787
0.704049
0.662634
0.6715
0.63188
0.670722
0.65727
0.652773
0.652576
0.572528
0.505235
0.438542
0.421958
0.464142
0.418328
0.345425
0.337932
0.320709
0.322188
0.307589
0.27644
0.306786
0.330458
0.323782
0.310874
0.225396
0.185427
0.143004
0.0807737
0.0886063
0.0216457
-0.0585089
-0.062808
-0.0683372
-0.0804735
-0.153386
-0.154618
-0.169086
-0.146417
-0.229765
-0.219939
-0.267355
-0.34686
-0.403014
-0.384122
-0.37369
-0.349501
-0.357481
-0.340393
-0.371754
-0.408808
-0.480147
-0.543443
-0.572138
-0.583395
-0.566935
-0.612722
-0.691799
-0.749979
-0.782702
-0.778811
-0.8413
-0.81797
-0.857893
-0.896194
-0.898794
-0.899345
-0.931911
-0.922179
-0.967502
-0.998551
-1.02419
-1.05696
-1.09011
-1.12579
-1.12853
-1.12111
-1.08283
-1.04512
-1.09576
-1.05551
-1.05338
-1.04823
-1.03223
-1.05355
-1.00131
-0.977737
-0.967803
-1.01493
-0.987129
-0.982346
-0.983752
-0.995007
-0.936476
-0.884388
-0.90979
-0.889421
-0.833059
-0.804843
-0.730678
-0.776151
-0.715266
-0.666069
-0.627142
-0.654768
-0.684871
-0.669994
-0.591095
-0.625995
-0.599836
-0.592032
-0.564719
-0.535077
-0.556699
-0.515519
-0.427967
-0.343411
-0.31273
-0.237527
-0.224564
-0.177078
-0.18204
-0.171846
-0.130931
-0.129618
-0.0663363
0.00397732
0.0318896
0.0130306
0.0796476
0.0655128
0.108292
0.187242
0.262788
0.318889
0.37084
0.342576
0.334679
0.388591
0.379602
0.411312
0.48203
0.455117
0.457686
0.507507
0.497796
0.477097
0.462547
0.507742
0.590548
0.561113
0.566652
0.584877
0.665609
0.629478
0.68427
0.723843
0.698179
0.691941
0.772297
0.825307
0.873547
0.926122
0.88978
0.852472
0.872625
0.878662
0.851026
0.887233
0.9052
0.87086
0.914224
0.980362
1.03609
1.08025
1.07088
1.03884
0.98513
0.952037
1.00322
1.01269
0.957212
0.93424
0.958936
0.948693
0.958403
0.910463
0.847477
0.809299
0.791649
0.791864
0.817478
0.76739
0.729761
0.781045
0.74997
0.735023
0.689781
0.727283
0.704875
0.749417
0.758435
0.695602
0.696462
0.717916
0.719464
0.634288
0.638529
0.604996
0.619116
0.626775
0.609597
0.559708
0.557957
0.480401
0.442331
0.466858
0.484982
0.431634
0.417231
0.342947
0.273853
0.185837
0.183984
0.128405
0.0758448
0.0782503
0.0668253
0.0249128
0.0574115
-0.0189697
-0.0241827
-0.0140444
0.00472001
-0.059502
-0.148672
-0.189095
-0.218865
-0.266039
-0.342175
-0.314357
-0.329822
-0.402039
-0.434425
-0.423803
-0.399083
-0.419964
-0.396988
-0.396529
-0.420456
-0.438481
-0.421183
-0.442154
-0.483679
-0.478001
-0.547121
-0.558519
-0.587687
-0.644988
-0.680469
-0.682612
-0.705841
-0.740887
-0.719218
-0.795747
-0.761102
-0.826032
-0.852589
-0.85765
-0.877795
-0.849835
-0.843552
-0.835967
-0.90922
-0.946978
-0.94562
-0.908878
-0.86775
-0.870205
-0.850635
-0.833111
-0.86896
-0.884054
-0.929549
-0.910404
-0.878133
-0.89911
-0.933089
-0.91429
-0.874251
-0.868406
-0.828585
-0.842227
-0.784284
-0.764336
-0.798552
-0.745317
-0.787385
-0.815737
-0.809483
-0.739305
-0.716564
-0.709368
-0.726061
-0.687015
-0.719353
-0.699958
-0.653672
-0.613845
-0.646401
-0.559461
-0.525754
-0.540019
-0.525317
-0.491565
-0.435689
-0.37442
-0.406498
-0.433518
-0.440916
-0.440365
-0.421998
-0.345178
-0.277511
-0.26213
-0.176217
-0.126555
-0.138379
-0.114941
-0.0872473
-0.107763
-0.0472263
-0.00921371
0.0774677
0.138341
0.107297
0.158517
0.235195
0.253386
0.262617
0.289086
0.366917
0.388925
0.471193
0.536743
0.496529
0.560966
0.61682
0.606598
0.565088
0.578679
0.595881
0.636693
0.664224
0.634221
0.628999
0.691239
0.764865
0.744209
0.722568
0.686211
0.68639
0.696901
0.681231
0.755038
0.724134
0.692531
0.681338
0.744694
0.828824
0.804752
0.855467
0.86131
0.835479
0.796161
0.869855
0.86628
0.909522
0.934659
0.971144
0.961839
0.905965
0.915229
0.871496
0.841796
0.888997
0.835017
0.847335
0.881912
0.865931
0.816098
0.797358
0.771582
0.813564
0.835137
0.813804
0.800563
0.845597
0.774207
0.819587
0.826668
0.818361
0.746995
0.674995
0.662146
0.697791
0.731602
0.648202
0.598172
0.619635
0.605411
0.63304
0.646496
0.651476
0.622749
0.578594
0.563285
0.524746
0.536201
0.534031
0.496678
0.41821
0.421049
0.401494
0.327715
0.250493
0.254074
0.175247
0.150712
0.115531
0.0621777
-0.00990003
-0.05539
-0.145841
-0.189237
-0.184843
-0.165899
-0.255699
-0.329889
-0.40277
-0.404063
-0.367347
-0.432462
-0.466336
-0.461622
-0.51601
-0.569699
-0.570119
-0.578547
-0.656653
-0.642737
-0.639724
-0.635931
-0.681338
-0.663114
-0.635293
-0.700614
-0.744862
-0.748586
-0.784187
-0.812219
-0.772167
-0.74681
-0.749679
-0.791381
-0.819393
-0.827234
-0.83677
-0.874773
-0.918696
-0.959466
-1.01972
-1.01042
-1.05871
-1.06881
-1.04409
-1.0488
-1.03752
-1.01291
-1.06339
-1.10738
-1.03733
-1.0064
-0.951022
-1.00465
-0.959895
-0.943476
-0.943498
-0.890568
-0.845161
-0.804395
-0.837676
-0.860618
-0.796206
-0.782116
-0.733764
-0.694548
-0.697593
-0.714664
-0.679587
-0.724369
-0.681142
-0.691938
-0.721164
-0.703197
-0.671928
-0.660465
-0.609898
-0.550469
-0.523822
-0.55453
-0.483627
-0.519994
-0.453355
-0.452419
-0.457117
-0.478105
-0.438285
-0.351106
-0.302946
-0.295031
-0.266698
-0.213558
-0.142452
-0.0644872
0.0112015
0.0255214
0.0360992
-0.00446069
0.0408654
0.0574088
0.131098
0.0921882
0.122359
0.204773
0.245196
0.219846
0.206402
0.212542
0.190547
0.243713
0.223371
0.282494
0.301125
0.337412
0.394061
0.401125
0.478113
0.525221
0.524359
0.562173
0.579976
0.563058
0.638502
0.634182
0.677594
0.701855
0.777349
0.734714
0.778183
0.784165
0.822548
0.847493
0.843494
0.824435
0.860691
0.840182
0.856954
0.838268
0.913072
0.882154
0.878859
0.839583
0.905375
0.943437
0.947354
0.944678
0.96046
0.904744
0.9465
0.91591
0.948969
0.911562
0.888416
0.833114
0.818883
0.856405
0.878284
0.923606
0.914105
0.936145
0.92725
0.875515
0.875204
0.869193
0.878034
0.808171
0.819673
0.800526
0.762474
0.798046
0.819332
0.836878
0.807641
0.799787
0.768118
0.722396
0.695906
0.606526
0.577873
0.590796
0.544736
0.532373
0.537705
0.483215
0.448973
0.393136
0.386512
0.416401
0.353851
0.319506
0.270955
0.2352
0.15314
0.108176
0.133268
0.0463815
0.0639633
0.050737
-0.0298567
-0.019981
-0.0384429
-0.122519
-0.0968768
-0.163989
-0.13576
-0.142104
-0.117134
-0.10296
-0.124744
-0.14811
-0.209249
-0.195084
-0.193236
-0.225442
-0.322878
-0.41006
-0.432274
-0.519387
-0.598528
-0.567895
-0.602526
-0.576243
-0.626929
-0.651386
-0.702067
-0.775881
-0.807473
-0.787585
-0.752607
-0.773736
-0.734882
-0.814864
-0.815088
-0.887119
-0.837907
-0.840876
-0.835749
-0.844884
-0.891465
-0.864589
-0.90669
-0.955271
-0.992504
-0.960964
-0.961957
-0.977071
-0.923974
-0.969567
-1.02466
-1.04801
-0.995393
-0.979473
-0.974046
-0.987252
-1.03298
-0.994279
-0.973561
-0.998095
-0.949375
-0.878158
-0.830312
-0.768851
-0.728806
-0.753515
-0.753204
-0.698073
-0.751856
-0.77316
-0.810844
-0.76135
-0.700795
-0.635295
-0.595036
-0.625452
-0.605417
-0.588375
-0.593358
-0.588582
-0.518084
-0.502825
-0.426583
-0.403525
-0.366442
-0.334308
-0.313887
-0.334478
-0.332441
-0.317497
-0.327517
-0.272025
-0.297043
-0.235928
-0.230746
-0.159131
-0.0798079
-0.0925171
-0.0973654
-0.0152789
0.051189
0.0776201
0.0673981
0.0675483
0.0753035
0.140033
0.13602
0.140628
0.202505
0.274565
0.353938
0.353854
0.360209
0.368678
0.43233
0.442957
0.433391
0.495342
0.548068
0.593101
0.642761
0.695485
0.703707
0.657346
0.714881
0.687083
0.729295
0.800925
0.868913
0.847642
0.832187
0.833349
0.831814
0.816122
0.87515
0.871275
0.848778
0.85458
0.895762
0.955406
1.0107
0.986956
1.01136
0.977184
0.974326
1.00919
0.991964
1.00982
1.03551
1.00154
1.04595
1.043
1.06652
1.06374
1.04358
1.05798
1.06029
1.02246
1.01151
0.97366
1.01257
0.990776
0.935159
0.950933
0.98569
0.979821
0.927789
0.89469
0.869271
0.881284
0.881125
0.796173
0.794516
0.830184
0.848486
0.834127
0.793774
0.733297
0.689377
0.623819
0.630228
0.543845
0.51148
0.431912
0.433231
0.386208
0.343287
0.310788
0.32714
0.292056
0.25469
0.289131
0.269318
0.228056
0.222311
0.191309
0.147619
0.0832467
0.066672
0.00411481
-0.0790267
-0.152234
-0.131731
-0.206688
-0.169279
-0.243981
-0.291723
-0.333821
-0.392278
-0.390801
-0.358691
-0.356322
-0.319609
-0.346528
-0.358816
-0.417724
-0.411952
-0.447636
-0.454953
-0.442778
-0.50354
-0.586146
-0.589351
-0.607286
-0.676587
-0.750709
-0.708418
-0.723036
-0.777512
-0.803301
-0.828731
-0.853158
-0.910782
-0.892314
-0.915313
-0.953141
-1.01258
-0.980959
-0.933544
-0.958569
-0.976762
-0.966596
-0.998656
-1.04164
-1.02808
-0.981459
-0.956653
-0.998348
-0.938683
-0.896325
-0.931062
-0.883636
-0.872092
-0.855943
-0.904829
-0.932766
-0.955939
-1.00238
-1.03225
-1.04365
-1.01841
-1.03931
-1.04684
-1.06044
-1.05139
-1.01527
-0.973923
-0.90476
-0.904244
-0.84257
-0.838263
-0.768327
-0.694064
-0.736858
-0.714162
-0.651586
-0.652417
-0.677775
-0.685558
-0.613302
-0.579012
-0.600951
-0.585206
-0.529245
-0.473241
-0.419156
-0.415511
-0.4321
-0.45318
-0.412022
-0.32936
-0.244664
-0.185777
-0.13956
-0.110454
-0.140108
-0.134717
-0.0971357
-0.114252
-0.108287
-0.111458
-0.0316524
0.0313129
0.0273116
0.10496
0.145104
0.190354
0.203379
0.275871
0.267984
0.253585
0.283177
0.339719
0.391977
0.379459
0.396633
0.38375
0.422475
0.394118
0.421796
0.510776
0.554999
0.583229
0.657046
0.673921
0.703309
0.734858
0.741502
0.817672
0.829285
0.805746
0.809052
0.825877
0.802939
0.786865
0.826719
0.829427
0.872434
0.891861
0.948435
0.938661
0.994225
0.983073
0.955345
0.991921
0.983199
0.972449
0.985084
0.948206
0.987115
0.999483
1.03554
1.0631
1.09341
1.07757
1.10253
1.12396
1.10049
1.03465
1.01363
0.943026
0.914954
0.957378
0.92344
0.900076
0.897699
0.909669
0.859982
0.790874
0.818286
0.748528
0.743805
0.760104
0.699584
0.719126
0.647533
0.65224
0.680756
0.68823
0.679917
0.668675
0.670088
0.619819
0.615547
0.522662
0.477726
0.463464
0.383837
0.342784
0.352525
0.333473
0.255895
0.278236
0.286112
0.302871
0.303864
0.280488
0.278929
0.192246
0.111581
0.134433
0.0629199
0.0774879
0.0638991
0.0682492
-0.0119057
-0.0450752
-0.0868976
-0.170138
-0.226504
-0.273144
-0.259709
-0.233268
-0.284612
-0.3001
-0.3896
-0.44296
-0.466134
-0.471631
-0.517568
-0.485611
-0.567
-0.59584
-0.632996
-0.601536
-0.652483
-0.639174
-0.722617
-0.729295
-0.794156
-0.75956
-0.798034
-0.825911
-0.77971
-0.813969
-0.888502
-0.840302
-0.883911
-0.84603
-0.811047
-0.869113
-0.824701
-0.829271
-0.869954
-0.897689
-0.9125
-0.88268
-0.883672
-0.938755
-0.928669
-0.874922
-0.88633
-0.945867
-0.9772
-1.02403
-1.05112
-1.05439
-1.01243
-1.00197
-0.930297
-0.883977
-0.888429
-0.837037
-0.862443
-0.867249
-0.893274
-0.844866
-0.79813
-0.777697
-0.773197
-0.788777
-0.74816
-0.748604
-0.681613
-0.670642
-0.677558
-0.679382
-0.648024
-0.641181
-0.646533
-0.64112
-0.570198
-0.593578
-0.59488
-0.567942
-0.546208
-0.493687
-0.488619
-0.444967
-0.4282
-0.4131
-0.39017
-0.384933
-0.3142
-0.22137
-0.206563
-0.229416
-0.139225
-0.0562724
-0.0156551
-0.0333896
0.0192594
0.0408134
0.0581121
0.0769309
0.144978
0.19313
0.208397
0.275237
0.342244
0.368649
0.382804
0.381434
0.35881
0.372999
0.436669
0.449433
0.461409
0.514668
0.561382
0.544743
0.615369
0.600492
0.679493
0.734914
0.744602
0.763012
0.800211
0.77921
0.739979
0.701801
0.764461
0.752045
0.77766
0.805534
0.854901
0.914481
0.892543
0.871788
0.82515
0.825575
0.899167
0.89859
0.864541
0.894467
0.860881
0.898652
0.952017
0.947935
0.901432
0.887609
0.873508
0.877087
0.894368
0.899762
0.848695
0.797316
0.855824
0.906142
0.940408
0.905677
0.934959
0.904823
0.886561
0.889265
0.854938
0.799865
0.737768
0.686351
0.713526
0.650134
0.60161
0.653139
0.616345
0.631681
0.624893
0.648533
0.608
0.64778
0.593012
0.535751
0.538576
0.497208
0.440147
0.366643
0.301618
0.307787
0.327248
0.266503
0.235913
0.192951
0.168986
0.192768
0.135351
0.108756
0.10186
0.103164
0.0227578
0.038532
0.0290488
-0.0171461
-0.0210914
-0.0911423
-0.0834381
-0.127814
-0.171713
-0.236222
-0.235169
-0.255252
-0.274627
-0.309134
-0.360431
-0.332098
-0.384318
-0.361466
-0.40046
-0.446024
-0.418451
-0.481956
-0.465901
-0.520901
-0.60754
-0.636616
-0.623675
-0.685087
-0.717319
-0.684057
-0.764531
-0.764738
-0.829424
-0.873792
-0.852393
-0.869443
-0.848499
-0.920199
-0.908759
-0.932213
-0.970492
-0.982603
-0.948192
-0.933413
-0.888842
-0.916838
-0.895354
-0.938759
-0.957103
-1.01664
-0.966288
-0.930399
-0.955599
-0.939519
-0.968208
-0.916987
-0.949738
-0.926884
-0.894466
-0.889609
-0.846638
-0.889845
-0.8685
-0.80963
-0.859927
-0.809514
-0.778793
-0.764634
-0.79001
-0.744799
-0.719139
-0.655815
-0.695774
-0.653926
-0.601094
-0.576164
-0.532148
-0.570553
-0.541498
-0.541458
-0.501782
-0.436644
-0.46927
-0.419723
-0.46098
-0.416102
-0.457842
-0.480888
-0.507729
-0.491876
-0.507199
-0.448239
-0.376655
-0.311679
-0.318571
-0.275614
-0.208443
-0.235659
-0.210863
-0.148216
-0.172445
-0.16366
-0.141364
-0.111068
-0.0918811
-0.018553
-0.0170377
-0.0172739
0.0206335
0.0622601
0.0910241
0.129712
0.223491
0.292381
0.375753
0.413428
0.429725
0.428773
0.400465
0.397059
0.422213
0.398722
0.41023
0.505097
0.541017
0.524835
0.518312
0.609071
0.690323
0.747091
0.811142
0.841718
0.896936
0.927012
0.939881
0.908923
0.920881
0.932513
0.967141
0.915387
0.899709
0.887178
0.83845
0.823395
0.863685
0.935747
0.954752
0.946357
0.898411
0.90298
0.965102
0.969062
0.986756
0.93192
0.929868
0.933991
0.988752
0.985937
0.938233
0.87566
0.820614
0.803233
0.867529
0.855726
0.798874
0.775546
0.741712
0.737891
0.747301
0.702171
0.660594
0.676225
0.703502
0.690592
0.693093
0.704564
0.676667
0.639301
0.58521
0.572999
0.542379
0.474772
0.513544
0.50596
0.478644
0.47021
0.420869
0.344042
0.364618
0.364086
0.358147
0.305313
0.302261
0.273275
0.291098
0.208688
0.233269
0.183472
0.168225
0.139252
0.118697
0.0568875
0.0385087
0.0316979
0.0196981
0.0212483
-0.000446559
-0.0396819
-0.0987437
-0.0740493
-0.139374
-0.137937
-0.188743
-0.170419
-0.202417
-0.226545
-0.221621
-0.225769
-0.314812
-0.348531
-0.334718
-0.426706
-0.498165
-0.517589
-0.54053
-0.562807
-0.593776
-0.611269
-0.596782
-0.600594
-0.686364
-0.747208
-0.728277
-0.779889
-0.82436
-0.781264
-0.816258
-0.791462
-0.842616
-0.866184
-0.896716
-0.893694
-0.852025
-0.875892
-0.862333
-0.86069
-0.842171
-0.904544
-0.899539
-0.968655
-1.0108
-1.05794
-1.03742
-1.00511
-0.996593
-1.00373
-0.98927
-0.995083
-1.03204
-0.99105
-1.03404
-1.02319
-0.980143
-0.997818
-0.952067
-0.99568
-0.936272
-0.945345
-0.87854
-0.818036
-0.864973
-0.855495
-0.878756
-0.80434
-0.767776
-0.787949
-0.705964
-0.733467
-0.659281
-0.594453
-0.574027
-0.610065
-0.559428
-0.570235
-0.511432
-0.461809
-0.502158
-0.471582
-0.493064
-0.434667
-0.362171
-0.359024
-0.293311
-0.22311
-0.220659
