-0.2271
-0.4400
0.3470
-0.0101
0.3965
0.4905
0.6662
0.2476
-0.2951
0.6666
-0.2586
-0.1034
0.7942
0.4213
0.0091
0.0299
0.9059
0.2031
0.9144
0.8866
0.6602
0.2816
0.3736
1.0171
1.0769
1.0439
0.9383
0.5274
1.0297
1.2477
0.8835
0.5354
1.0966
0.2992
1.0260
0.4697
1.2910
0.8832
0.5488
0.3635
1.5236
0.6623
1.4711
1.1063
1.0729
0.6402
0.5985
1.1548
1.0166
1.2871
1.3721
0.6568
1.5591
0.7304
0.5586
0.4767
0.5505
0.6496
0.4288
0.6021
1.5267
1.4978
0.7270
0.3429
1.4012
0.9434
1.3855
1.3745
0.9236
0.6063
1.4064
1.3810
0.2581
0.9864
0.2482
0.6786
0.3607
0.1948
1.2293
0.3596
0.0122
0.8528
1.0065
0.6516
-0.0737
0.7880
0.8122
0.3119
0.4596
0.2634
-0.0311
0.5732
0.0753
0.5901
0.2715
0.1950
-0.0940
-0.3305
0.1610
-0.3631
-0.5567
0.5074
-0.4757
0.4007
0.3603
-0.1886
-0.2801
0.1951
-0.7703
-0.3584
-0.7883
-0.8813
-0.8888
-0.6818
-0.3614
-0.0284
-0.7265
-0.0371
-0.5139
-0.9281
-0.9813
-0.1971
-0.5944
-0.6444
-0.9571
-0.8754
-1.3092
-0.4857
-0.3920
-0.8829
-0.3499
-0.8359
-1.2538
-1.0352
-1.1052
-0.8095
-0.4869
-1.4556
-0.9840
-1.3225
-1.4905
-1.5209
-1.4671
-1.1392
-0.6150
-0.9281
-0.7266
-1.5253
-0.8551
-0.6345
-1.1460
-1.2376
-1.5422
-1.0789
-1.3805
-1.1835
-0.4095
-1.3415
-0.5698
-0.8614
-0.9547
-0.4328
-0.6823
-0.3416
-0.3198
-0.9576
-0.7431
-0.9460
-0.4056
-1.2459
-0.3245
-0.6301
-0.2734
-1.2793
-1.1119
-0.3895
-0.1465
-0.4298
-0.7765
-0.3726
-0.8846
-0.0332
-0.8329
-0.1960
-0.9266
-0.5680
-0.1869
-0.0966
-0.9667
0.2346
-0.4211
0.1444
-0.6134
-0.1834
-0.6155
0.0678
0.0368
-0.3543
-0.6486
0.0549
-0.5542
-0.3142
-0.0795
0.1144
0.6062
0.0972
0.2862
-0.1023
0.2321
0.4869
0.1737
0.9316
0.5974
0.2634
0.3141
-0.0774
0.6475
0.4621
0.6062
0.9172
0.6870
0.9750
0.3845
0.4429
0.8610
0.8517
0.4390
0.1763
0.5621
1.1101
1.2211
1.1248
1.3425
0.5921
1.2732
1.4903
0.5682
0.4283
1.0771
0.4513
0.5870
1.0094
0.5440
0.7417
1.5418
0.4511
1.1771
1.4217
0.4488
0.6030
1.0038
1.4615
0.8925
0.8351
1.0302
0.6858
1.0722
0.5706
1.5076
1.2996
1.2295
0.6924
1.5040
0.4164
1.0183
0.3613
0.8087
0.2700
0.4774
0.3400
0.5321
1.3693
0.8629
1.3234
1.2901
0.5975
0.1774
0.0716
0.4524
1.1659
0.7973
0.1946
0.0960
0.9374
0.3495
0.2171
0.3676
0.1258
-0.1898
0.0360
0.1842
0.1478
-0.2859
0.0759
0.6458
-0.2800
0.0916
0.3929
-0.0656
0.2329
0.1352
-0.1697
-0.4323
-0.1797
0.1856
0.3680
0.0620
0.0389
-0.8086
-0.3504
0.2209
-0.4241
-0.7161
0.0397
0.1392
-0.3938
-0.6395
-0.2756
-0.8941
-0.8140
-0.3327
-1.0935
-0.8624
-0.9351
-0.5111
-0.8176
-0.4920
-0.9096
-0.2033
-0.6574
-0.3157
-0.4037
-0.4769
-0.9205
-1.2139
-0.6891
-0.3308
-1.2818
-1.4371
-1.3696
-0.6112
-1.1588
-0.7134
-0.9257
-0.5875
-1.5311
-0.8540
-0.6349
-1.0947
-1.0254
-1.0854
-1.0337
-0.9509
-1.2404
-1.1148
-1.3391
-0.6802
-0.4650
-0.8100
-1.1139
-0.6664
-0.5720
-1.1376
-0.5587
-0.6243
-0.4434
-1.1749
-1.0717
-0.6349
-1.1811
-1.1879
-1.3201
-0.9601
-0.3244
-0.7124
-0.8937
-0.2172
-0.5530
-0.6033
-0.3416
-1.0065
-0.1620
-0.1130
-0.6225
-0.1592
-0.1249
0.0022
-0.3890
-0.1347
0.2108
0.0749
0.0190
0.3354
-0.3741
-0.3179
0.2197
-0.3134
0.0486
-0.6560
0.4707
0.3363
-0.1002
0.4139
-0.3352
0.3682
0.0278
-0.0232
-0.2807
0.5785
0.2659
-0.2746
0.1851
-0.2115
0.5433
0.7747
0.2114
0.5558
0.7827
-0.0555
0.3846
0.7054
0.3280
0.9138
1.2480
1.1671
0.9705
0.5738
0.3448
0.5147
0.5146
0.8238
0.6562
1.0699
1.0827
1.1365
0.8595
1.4424
0.5107
1.1076
1.1775
0.8275
1.5594
1.4898
1.4740
1.0811
1.2745
0.9089
0.6157
0.8430
0.6734
1.0018
1.2998
1.4484
0.4069
0.6019
1.1700
0.7753
1.1337
0.8076
0.8926
1.2589
0.3975
1.4309
0.5600
0.9388
0.8628
0.7739
1.0856
1.4022
1.3340
1.1359
1.2453
0.5210
0.7280
1.2094
0.5030
0.2376
0.2716
0.1207
1.0602
0.7785
0.1976
0.6249
0.2433
0.9168
0.4243
0.8780
0.9875
0.2754
0.3881
0.6727
0.2650
0.5920
0.5158
0.4758
0.3810
0.1227
0.0962
0.0656
0.2172
0.0114
-0.3648
-0.4635
0.2442
-0.3429
-0.0955
-0.0122
-0.5348
-0.4511
0.1506
0.0924
-0.8551
-0.1702
-0.9152
0.0494
-0.1497
-0.6023
-0.1292
-0.6878
0.0062
-1.1392
-1.1941
-0.1983
-0.1931
-0.7218
-0.3672
-1.1761
-1.0548
-0.8920
-0.8730
-1.1294
-0.3655
-0.6300
-0.6694
-0.7603
-0.4232
-0.9429
-1.3137
-0.3869
-0.8234
-0.4857
-1.0757
-0.6895
-0.6452
-0.9536
-0.7731
-1.3596
-0.4055
-0.9378
-1.3085
-0.6091
-1.5400
-0.8593
-1.4766
-0.9338
-0.6011
-1.0899
-0.4406
-0.4796
-0.6054
-1.0219
-0.6345
-0.7825
-0.5899
-1.1104
-0.7102
-0.3716
-0.7087
-1.4075
-1.3767
-1.3031
-0.5406
-1.1799
-1.0460
-1.2947
-0.8040
-0.8942
-0.3751
-0.3325
-0.7422
-0.3473
-1.0077
-1.1158
-1.0896
-0.0470
-0.2409
-0.3091
-0.8089
-0.2488
-0.6617
0.0830
-0.6029
-0.2655
0.3693
0.0074
-0.0318
-0.5974
0.0357
-0.5519
-0.5749
-0.1271
0.0288
-0.1543
-0.3358
-0.4686
-0.0455
0.0727
-0.3176
0.1439
0.0851
-0.0420
0.1934
0.9542
0.8451
0.4454
0.8910
0.4330
0.4058
1.0730
0.7345
0.5228
1.1204
0.5149
0.1620
0.7081
0.6916
0.7025
0.2901
0.9204
0.9100
0.3406
0.6073
0.9738
0.3679
1.1739
0.3230
1.0293
1.2111
1.4350
1.1357
1.2103
0.9649
1.3887
1.4293
1.3011
0.6366
0.3955
1.4019
0.5457
1.2979
0.8622
1.4522
0.7406
1.0992
0.4428
0.6387
1.0887
0.4296
0.5923
0.7398
0.6591
0.8619
0.9070
0.5957
0.7978
1.3271
0.5386
1.4283
0.9713
0.3237
1.1291
0.4424
0.6152
0.4357
1.0907
0.1649
1.0515
0.9473
0.3812
0.3998
1.1216
1.1549
0.1324
0.9331
0.3930
0.0238
0.9378
0.4217
0.3421
0.4547
0.7276
0.2818
0.3279
0.1468
-0.1998
-0.1707
-0.2473
0.1558
-0.0672
-0.4107
0.1894
-0.5358
-0.1517
0.1374
0.1026
-0.7239
-0.2344
-0.5426
0.2280
-0.8707
-0.6795
-0.2317
-0.6893
-0.0706
-0.2199
-0.7432
-0.1214
-0.0732
-1.0977
-0.9239
-0.8922
-0.9375
-0.1185
-0.1919
-0.4836
-0.5311
-0.9952
-0.9943
-0.7614
-0.7055
-0.6671
-0.3409
-0.5389
-1.2768
-1.3797
-0.4636
-1.1396
-0.6773
-0.4600
-1.3377
-1.0645
-0.8541
-0.5843
-0.4864
-1.1180
-0.9885
-1.3618
-1.3681
-1.1339
-0.5996
-0.5035
-0.4400
-1.2872
-1.0109
-1.0379
-0.3996
-0.5984
-1.0051
-0.3819
-1.3449
-1.3261
-1.5366
-0.3749
-0.4729
-1.0386
-0.7154
-0.6887
-0.2708
-0.8202
-1.1878
-0.2726
-1.1264
-0.6160
-0.4814
-0.3251
-0.4177
-1.0177
-0.9964
-0.1669
-0.3931
-1.1770
-0.6757
-0.2927
-0.1960
-0.3637
-0.6268
-0.4909
-0.4506
-0.5545
-0.7753
-0.3018
-0.6688
-0.4595
0.3386
0.1696
-0.1445
-0.3875
0.2255
0.1727
-0.0313
0.1550
-0.0824
0.6182
0.4188
-0.2175
0.4985
0.5105
0.6928
0.4138
-0.2214
0.8074
0.8828
0.8971
0.9690
0.7090
0.1848
0.2628
0.6733
0.4908
0.7943
0.4254
0.6812
1.1436
1.0123
0.2107
0.1642
1.2447
0.3223
0.4973
0.3846
0.6734
0.5766
1.0047
0.2833
0.3486
0.3890
0.7594
0.8768
0.9935
1.2760
1.3093
0.3864
0.8133
1.2951
0.8970
1.4180
1.4186
1.4566
0.4385
0.5960
1.4505
0.8076
1.4060
1.0894
0.6458
0.4865
0.9762
0.5955
0.5971
0.8719
1.0289
0.5144
1.0399
0.9696
0.5529
0.7446
0.3693
0.6361
0.2832
0.4592
0.2856
0.5084
1.0262
0.8932
0.9940
1.0940
0.2874
0.9346
1.2273
0.0378
1.0478
0.5202
0.7756
0.2126
0.6233
0.4660
0.0090
0.5332
0.3146
0.9275
0.4388
0.8754
-0.0858
0.7960
0.6158
0.6456
0.3409
0.2255
-0.3886
-0.0914
0.2672
-0.0088
0.5226
-0.5582
0.3983
-0.4060
-0.3016
-0.2429
0.0087
0.1858
-0.6775
-0.1532
-0.0411
-0.0088
-0.6567
0.1395
-1.0443
-0.9337
-0.8280
-0.5342
-1.0476
-0.3266
-0.9695
-1.1202
-0.3087
-0.4134
-1.2165
-0.9784
-0.4647
-1.3429
-1.0230
-0.5811
-1.0634
-1.3733
-0.3991
-1.4436
-0.3686
-0.6714
-1.2827
-0.8659
-0.5509
-0.4757
-0.6770
-0.6052
-0.4638
-0.4530
-0.7767
-0.9415
-0.5942
-0.6000
-0.9327
-0.8781
-1.2105
-1.4156
-1.5877
-1.4274
-1.1829
-0.9070
-0.8074
-1.3032
-0.4310
-1.5141
-0.8963
-1.4010
-1.1711
-0.7139
-0.3372
-0.3551
-1.2830
-0.4287
-0.2201
-0.1994
-0.6509
-0.6059
-1.1842
-0.6900
-0.2229
-0.5821
-0.3120
-0.5928
-0.8875
-0.8716
-1.0943
-0.9151
-0.3857
-0.4808
-0.6018
-0.6478
-0.1767
-0.3259
-0.4549
-0.6961
-0.5705
-0.7295
0.1593
-0.3574
0.0737
-0.5056
-0.5019
0.3022
-0.1865
0.1802
0.0046
-0.2029
0.0858
0.3497
-0.3374
-0.0293
-0.1934
0.3789
-0.1128
0.1260
0.6289
0.3455
0.6798
0.8167
0.1893
0.0049
0.7076
0.3631
0.0652
0.7212
0.0600
0.9371
0.7704
0.3583
0.9962
1.0817
0.8627
0.6977
0.4203
1.0004
0.7786
1.0912
0.4865
0.6363
0.7136
0.4542
1.1579
0.5065
0.9435
1.1923
0.8296
1.4290
0.5623
0.5644
1.4137
0.6492
0.8031
0.9737
1.2450
0.9785
1.5033
1.3333
0.8240
1.1181
1.3788
1.5434
1.1109
1.4747
1.1159
0.9714
0.6566
0.8529
1.0682
1.2154
0.3246
0.8252
0.7965
0.9208
1.3276
0.2580
0.9896
1.1653
0.7965
1.3029
0.5648
0.1279
0.6521
1.0301
-0.0059
0.1556
0.6664
0.6052
-0.0946
0.9215
-0.1169
-0.0185
0.7977
-0.0685
0.8340
0.5830
0.1649
0.2455
0.7795
0.4977
0.1550
-0.2755
0.0149
0.5851
0.5951
-0.0169
0.4722
0.2406
0.2082
0.0632
-0.7331
0.0642
-0.4415
-0.7949
-0.8336
-0.7172
-0.8591
0.0890
-0.5907
-0.2685
-0.9711
-0.4464
-0.0747
-0.9058
-0.1761
-1.0013
-0.8544
-0.3254
-0.5375
-1.3020
-0.3911
-0.9694
-0.1885
-0.5253
-1.2028
-0.9912
-0.5181
-1.3304
-0.5161
-0.7521
-0.4255
-0.6416
-1.0437
-0.3933
-0.5049
-1.3306
-0.8728
-1.4101
-0.4513
-1.1879
-1.4034
-0.9330
-1.3821
-1.0906
-1.1256
-1.4473
-0.4883
-1.1792
-0.8149
-0.4910
-0.8178
-0.5621
-1.4098
-1.3905
-1.4470
-1.4525
-1.2563
-1.2335
-1.2631
-1.4880
-1.0546
-0.3404
-0.2559
-0.6597
-0.6154
-0.3515
-0.7441
-0.5134
-0.4046
-0.3788
-0.5496
-0.2969
-1.0989
-1.0768
-0.4250
-1.0687
-0.5208
-0.3523
0.1117
-0.8674
-0.5781
-0.0684
-0.6433
-0.1572
-0.8431
-0.2334
0.3390
-0.6363
-0.5507
-0.3653
0.3818
0.2080
0.1892
-0.4804
0.3111
0.6308
-0.2246
-0.1346
-0.4170
0.0567
0.5244
0.1414
0.2412
-0.2585
-0.1914
0.4211
0.5568
0.1666
0.3396
0.0138
0.9347
0.5231
0.7650
0.3372
1.0792
0.0667
0.3400
0.7283
1.2136
0.9468
0.4913
0.6690
1.2975
1.1742
1.1640
0.2441
1.1785
0.8629
0.7409
0.8789
0.8054
0.6622
1.4598
0.8184
1.1311
0.8022
1.2071
0.6629
1.2791
0.9285
1.1774
0.5243
0.8019
0.7917
0.5370
0.4768
1.3319
0.7642
0.5796
1.1797
1.2084
1.2856
0.6954
0.4681
1.3653
0.9936
1.4601
0.3826
0.9893
1.2692
0.5190
1.4246
1.0951
0.5999
1.1006
1.1185
0.6603
0.3610
0.1874
0.5454
0.2605
0.2180
0.0423
0.4235
1.0512
0.3124
-0.0282
0.6161
0.4492
0.7946
0.1344
0.4885
0.4654
0.4174
0.4446
0.8079
0.0625
-0.0696
0.1992
-0.1057
-0.2379
-0.1994
0.5228
-0.1258
-0.5715
-0.4001
0.4149
0.3003
-0.5311
-0.0282
-0.2818
0.1926
0.2714
-0.6367
0.1039
-0.4236
-0.3949
-0.1037
0.1336
-0.9332
-0.3297
-0.5477
-0.8547
-0.3259
-0.3041
-0.7837
-0.4750
-1.1179
-0.5536
-0.4513
-0.9132
-0.7715
-0.9425
-0.4255
-1.2782
-0.4046
-0.7302
-0.2858
-0.8127
-1.1861
-0.5491
-0.5769
-1.3587
-0.9405
-1.4859
-1.0406
-1.4440
-0.8146
-0.8237
-1.3019
-0.4662
-0.5808
-0.4920
-0.8524
-1.3515
-1.3892
-1.4832
-1.1469
-1.3742
-0.5609
-0.6088
-0.6479
-1.0298
-0.5335
-1.0091
-0.7113
-0.4271
-0.9701
-0.4739
-0.9173
-0.8587
-1.0492
-0.3623
-0.5165
-1.3127
-1.2948
-0.6203
-1.3455
-1.0173
-0.4148
-0.7166
-0.2599
-1.0573
-0.9117
-0.3255
-0.4803
-0.2127
-0.6616
-1.0665
-0.2812
0.0853
-0.5726
-0.3807
-0.7052
-0.7081
-0.7623
-0.1019
-0.4830
0.0023
-0.4789
-0.2664
-0.2818
0.3111
-0.1239
-0.3628
0.0224
-0.1661
0.4146
-0.4679
0.3407
0.7547
0.4488
0.0165
0.7867
0.1769
0.3871
0.1187
0.3406
0.8400
0.5626
0.6878
0.9791
0.7674
0.7670
0.7347
0.9044
0.9424
1.1492
0.3791
0.5976
0.9219
0.6795
0.5636
1.0286
0.8135
1.0506
0.4417
1.4178
0.4761
1.4420
0.8071
0.5272
1.3722
0.7991
1.2578
1.1085
0.6723
0.6949
0.7256
0.9521
0.6632
1.2903
0.5850
0.7276
0.9671
0.7310
1.1397
1.2511
1.3971
0.7552
1.4681
0.8561
0.8783
1.0208
1.3641
0.7332
0.4199
1.0538
1.4341
1.2729
0.8507
0.6631
1.0142
1.2587
0.7714
0.2644
1.0298
0.9519
0.8724
1.2476
0.1650
0.7673
0.1858
0.3615
0.2281
0.3472
0.9371
0.7172
0.6330
0.5547
0.4774
0.6617
0.4248
0.9046
0.1192
0.3961
0.2603
0.5423
0.0240
-0.3086
0.1628
0.0964
0.4421
-0.3361
-0.5064
-0.2425
-0.3641
0.3100
-0.3177
0.3104
-0.5887
-0.3572
-0.6571
-0.4890
-0.7757
-0.2094
-0.1382
-0.7333
-0.3953
-0.7273
-0.9592
0.0275
-0.2447
-0.6414
-1.1739
-0.9354
-0.6407
-0.7817
-1.0243
-1.1521
-0.8820
-0.2819
-1.2514
-0.5738
-0.8843
-1.0444
-0.8322
-0.8869
-0.8785
-1.1290
-1.1125
-1.2977
-1.4795
-0.5343
-1.2065
-0.4320
-0.9482
-1.1801
-0.7401
-1.4836
-0.6587
-1.4878
-1.5461
-1.1104
-1.3184
-0.6399
-1.3119
-0.9241
-1.5361
-1.4333
-1.4944
-1.5417
-1.1070
-1.2837
-1.1094
-1.5358
-0.9818
-1.2241
-1.3346
-1.2012
-0.3131
-1.0994
-1.1576
-0.7500
-0.9745
-0.8373
-1.2319
-0.5223
-0.6414
-0.6050
-0.3739
-0.2331
-0.1269
-0.1337
-0.8016
-0.7904
-1.0302
-1.0652
-0.2416
-0.2882
-0.1839
0.0910
-0.6906
-0.2916
-0.5628
-0.2069
-0.8017
0.2546
-0.3017
-0.4587
-0.1206
-0.0967
-0.1298
-0.6203
-0.1273
0.0572
0.3009
-0.0054
-0.1520
-0.3715
-0.0191
-0.3445
0.3898
0.8482
0.2382
0.1018
-0.1174
-0.1828
0.5165
0.6447
0.2234
0.4576
0.0119
0.5664
0.5978
0.0478
0.3394
0.8359
0.3464
0.6441
1.2719
1.0867
0.8897
0.9144
1.3869
0.7135
0.9311
0.7905
1.0891
0.9115
0.8544
1.1402
1.3502
0.6008
0.7311
0.4773
0.6839
0.4873
0.9676
0.4549
0.7479
0.4465
0.4946
1.4689
1.4955
1.4818
1.1970
0.7400
1.1018
1.1892
1.2995
0.6141
1.2780
0.7489
1.2294
1.0943
1.2691
1.5170
1.0674
1.0001
1.2810
0.6121
1.2749
0.6487
0.8998
1.1381
0.4509
0.9256
0.2916
0.9838
0.3724
0.6472
0.4468
1.0186
0.4818
1.0003
0.5234
-0.0883
1.0392
0.2985
0.1004
0.2860
-0.2244
0.0502
0.0191
0.4149
0.0477
0.4543
-0.3880
0.6082
-0.0325
0.5993
-0.2399
-0.0362
0.1924
0.0418
0.1717
0.0659
-0.6467
-0.4861
-0.3946
-0.0864
0.2937
-0.5605
-0.5216
0.1928
-0.3295
-0.0870
-0.9814
-0.7941
-0.9292
-0.3876
-1.1098
-0.6208
-0.5094
-0.2614
-0.9905
-0.9879
-0.2096
-0.7653
-0.5402
-0.1884
-0.6516
-1.2371
-0.5339
-0.3048
-0.8618
-0.5282
-0.9808
-1.0745
-0.3633
-0.3705
-0.9630
-1.4197
-0.7210
-0.4782
-0.8510
-0.8706
-1.0988
-1.4845
-1.0146
-1.4631
-0.7972
-1.5274
-1.4041
-1.3128
-0.9609
-1.2996
-0.5326
-1.3719
-0.8398
-0.8775
-0.5546
-1.1700
-1.3716
-0.7820
-0.8634
-0.4091
-0.9555
-1.3698
-1.3369
-0.3837
-0.9072
-0.5710
-0.8272
-1.1786
-1.3417
-0.6350
-0.3887
-1.2471
-0.2972
-0.1337
-0.9401
-0.5562
-0.0220
-0.4329
-0.4843
-0.0091
-0.7768
-0.9955
-0.1623
0.1628
-0.6299
-0.4675
0.1884
-0.4897
-0.2609
-0.2410
-0.1921
0.2778
-0.5040
0.3706
0.0191
0.2414
0.2171
0.3527
0.1691
0.6733
-0.4226
0.6894
0.1177
0.3222
-0.2277
-0.2955
0.3082
0.1695
0.1256
0.8917
0.9487
0.7927
0.5315
0.7294
0.5157
1.1566
0.2828
0.7764
0.9067
0.6796
0.3643
0.4256
0.2604
1.2665
1.0221
0.8161
1.2355
1.3226
1.2951
0.9519
1.0001
0.4868
0.7636
0.4392
0.6555
0.4152
0.7967
0.9828
1.4488
0.8802
1.2349
1.0099
1.4837
0.7996
0.4129
0.6346
0.6133
0.9746
0.9756
0.4349
0.4936
1.1468
0.8679
0.9418
1.4272
0.9659
1.5397
1.4930
1.3520
0.5019
0.8280
0.7794
0.3872
0.4911
0.8683
0.2481
1.0634
0.2347
1.2648
0.2790
0.5671
0.9654
0.7690
0.6700
0.1499
0.6896
0.6740
1.1420
0.5825
0.1518
0.9979
0.1331
0.9556
0.8373
0.6436
0.7618
0.8650
0.0266
0.7391
0.3492
-0.0991
0.1891
0.5799
0.5865
0.3020
-0.3728
0.5238
-0.6094
-0.3057
-0.0929
-0.4076
0.2318
0.3046
-0.3310
-0.2959
-0.2914
-0.5379
0.0742
-0.3316
-0.0086
-0.9507
-0.1621
-0.5098
-0.7022
-0.9469
-0.0554
-0.0869
-0.5726
-0.2015
-1.1355
-0.7459
-0.7550
-1.3181
-1.2386
-0.3888
-1.3645
-1.1297
-1.0293
-0.6050
-1.1680
-0.4938
-1.4815
-1.1942
-0.5398
-0.9522
-0.9820
-0.6569
-1.2127
-0.7418
-1.3613
-0.8276
-0.6402
-1.1359
-0.9858
-0.4911
-1.1378
-1.5245
-0.7932
-0.6928
-0.4266
-1.4560
-1.3758
-1.4387
-0.4349
-1.5628
-0.3660
-0.9059
-0.6224
-1.4907
-1.4769
-1.2481
-0.5015
-1.1069
-0.3721
-0.9475
-0.6929
-0.5340
-0.3640
-0.5715
-0.7786
-0.4926
-0.5097
-1.0601
-0.2844
-0.0596
-1.2040
-0.4412
-0.7777
-0.4090
-0.2232
-0.6542
-0.9197
-0.7697
-0.1373
-0.2055
-0.7765
-0.0708
0.0365
-0.7200
0.1197
-0.3185
-0.0961
-0.2097
-0.3964
0.2230
-0.5077
